	volume	polar	hydro	access	number	charge	hyindex
A	0.169461078	0	0.0125	0.088607595	0	0	0
R	0.725748503	1	-0.177083333	0.911392405	0.05	1	0.25
N	0.389820359	0.065	0.052083333	0.569620253	0.1	0	1
D	0.304191617	0.955769231	-0.041666667	0.405063291	0.15	-1	1
C	0.313772455	0.028461538	0.102083333	0.012658228	0.2	0	0
Q	0.531137725	0.067884615	0.064583333	0.670886076	0.25	0	1
E	0.482035928	0.959615385	-0.020833333	0.392405063	0.3	-1	0.5
G	0	0	0.04375	0.063291139	0.35	0	0
H	0.554491018	0.992307692	-0.466666667	0.316455696	0.4	1	0.5
I	0.649700599	0.0025	0.725	0	0.45	0	0
L	0.649700599	0.0025	0.729166667	0.063291139	0.5	0	0
K	0.692215569	0.951923077	-0.3375	1	0.55	1	0.25
M	0.611976048	0.0275	0.04375	0.164556962	0.6	0	0
F	0.77245509	0.006730769	1	0.075949367	0.65	0	0
P	0.37245509	0.030384615	0.147916667	0.405063291	0.7	0	0
S	0.171856287	0.032115385	-0.129166667	0.329113924	0.75	0	1
T	0.348502994	0.031923077	0.135416667	0.367088608	0.8	0	1
W	1	0.040384615	0.477083333	0.17721519	0.85	0	0.25
Y	0.796407186	0.030961538	0.39375	0.53164557	0.95	0	1
V	0.48742515	0.0025	0.33125	0	1	0	0
-	0.9	0.9	0.9	0.9	0.9	0.9	0.9
