	volume	polar	hydro	access	number	charge	hyindex
A	0.189003436	0.395061728	0.0125	0.140571429	0	0	0
R	0.721649485	0.691358025	-0.177083333	0.905142857	0.05	1	0.25
N	0.403436426	0.827160494	0.052083333	0.509714286	0.1	0	1
D	0.274914089	1	-0.041666667	0.515428571	0.15	-1	1
C	0.30652921	0.074074074	0.102083333	0	0.2	0	0
Q	0.554639175	0.691358025	0.064583333	0.608	0.25	0	1
E	0.426116838	0.913580247	-0.020833333	0.602285714	0.3	-1	0.5
G	0	0.50617284	0.04375	0.102857143	0.35	0	0
H	0.542955326	0.679012346	-0.466666667	0.402285714	0.4	1	0.5
I	0.642611684	0.037037037	0.725	0.083428571	0.45	0	0
L	0.642611684	0	0.729166667	0.138285714	0.5	0	0
K	0.687285223	0.790123457	-0.3375	1	0.55	1	0.25
M	0.646735395	0.098765432	0.04375	0.205714286	0.6	0	0
F	0.793814433	0.037037037	1	0.114285714	0.65	0	0
P	0.287972509	0.382716049	0.147916667	0.411428571	0.7	0	0
S	0.20137457	0.530864198	-0.129166667	0.302857143	0.75	0	1
T	0.35257732	0.456790123	0.135416667	0.337142857	0.8	0	1
W	1	0.061728395	0.477083333	0.219428571	0.85	0	0.25
Y	0.806185567	0.160493827	0.39375	0.453714286	0.95	0	1
V	0.491408935	0.12345679	0.33125	0.093714286	1	0	0
-	0.9	0.9	0.9	0.9	0.9	0.9	0.9

