<Attribute:Group>
A	122	124	126	130	131	132	133	135	137	138	140	142	143	144	145	146	150	152	168
B	128	129	155	156	157	158	159	160	163	164	165	186	187	188	189	190	192	193	194	196	197	198
C	44	45	46	47	48	50	51	53	54	273	275	276	278	279	280	294	297	299	300	304	305	307	308	309	310	311	312
D	96	102	103	117	121	167	170	171	172	173	174	175	176	177	179	182	201	203	207	208	209	212	213	214	215	216	217	218	219	226	227	228	229	230	238	240	242	244	246	247	248
E	57	59	62	63	67	75	78	80	81	82	83	86	87	88	91	92	94	109	260	261	262	265
//
<Attribute:Char>
AA	A	L	R	K	N	M	D	F	C	P	Q	S	E	T	G	W	H	Y	I	V
FASG890101	-0.21	-4.68	2.11	3.88	0.96	-3.66	1.36	-4.65	-6.04	0.75	1.52	1.74	2.30	0.78	0.00	-3.32	-1.23	-1.01	-4.81	-3.50
GRAR740103	31	111	124	119	56	105	54	132	55	32.5	85	32	83	61	3	170	96	136	111	84
ZIMJ680104	6.00	5.98	10.76	9.74	5.41	5.74	2.77	5.48	5.05	6.30	5.65	5.68	3.22	5.66	5.97	5.89	7.59	5.66	6.02	5.96
JANJ780101	27.8	27.6	94.7	103.0	60.1	33.5	60.6	25.5	15.5	51.5	68.7	42.0	68.2	45.0	24.5	34.7	50.7	55.2	22.8	23.7
CHAM820101	0.046	0.186	0.291	0.219	0.134	0.221	0.105	0.290	0.128	0.131	0.180	0.062	0.151	0.108	0.000	0.409	0.230	0.298	0.186	0.140
//
<Attribute:Receptor>
1	3.42692784899
2	2.843944132079
3	0
4	0.00537680222299741
5	3.766198560695
6	3.30088792031499
7	6.475405486927
8	8.18539710576999
9	11.49603831087
10	15.022495027404
11	18.6103544723759
12	21.9506116395258
13	25.0205257004427
14	28.347317231543
15	31.4957333131175
16	34.8469815249178
17	38.5283465753189
18	40.7959448370888
19	43.0274575001139
20	45.6164994424327
21	46.0870216981931
22	49.9047762252945
23	50.886396023833
24	54.2124650390374
25	54.9216212020872
26	56.0774522185564
27	56.5342685463624
28	53.9765776202541
29	53.1523607572223
30	50.8030192139753
31	52.1957627181572
32	55.5938612792939
33	54.3015293272942
34	51.3549502345408
35	50.7378964494837
36	50.2362369782416
37	49.2250819065119
38	52.5226778824141
39	55.8510967398424
40	58.9480022985073
41	62.5927344055137
42	64.4519245588472
43	67.9769321826448
44	70.173866482297
45	72.1882753967246
46	73.6798035218174
47	76.0997432644552
48	75.8045006581313
49	79.5071943943032
50	80.2993205810163
51	81.1285086283958
52	78.6571959897537
53	80.3650137889989
54	77.232214489621
55	76.0353720848573
56	79.1986357612022
57	82.3083812038802
58	84.7446640900685
59	88.3890899986399
60	90.1242396176583
61	93.7002341638996
62	94.5138617098179
63	97.9644127455666
64	98.8794956418865
65	97.5847647056849
66	95.7524693756584
67	97.8824532024962
68	101.105727752229
69	98.6795366379647
70	97.9253446336092
71	101.523780147126
72	102.60470715122
73	104.785705758295
74	104.628130222419
75	103.114330732351
76	100.602237120808
77	99.6352597175741
78	96.1914429497443
79	95.1286058250857
80	96.6224020405103
81	94.4915238134643
82	91.5722128013635
83	88.4832503462772
84	86.2013513667579
85	83.2487797189392
86	85.2089073005781
87	88.9802560138189
88	89.1710565534217
89	92.7945713261635
90	93.7540777545629
91	95.6043111396846
92	97.4394929880828
93	99.1927918930333
94	102.960673654877
95	105.201732262957
96	108.192325366424
97	110.298581377991
98	110.094702604068
99	108.912504242303
100	106.811799408737
101	104.512983255625
102	101.252714478601
103	99.7590755997426
104	96.2414122509079
105	96.8142538087689
106	93.4940036595775
107	91.7589409998421
108	93.5566265048203
109	93.0669341288449
110	89.4263256242857
111	88.5206470319348
112	90.4170464466447
113	88.8182484322731
114	85.2903668659444
115	87.4042420273769
116	87.4122486484783
117	90.3992299336354
118	94.059343957937
119	94.2057928588359
120	97.5710199555607
121	97.8962226755343
122	101.073377697526
123	100.919381646658
124	102.536389869908
125	104.455352909778
126	105.453484068371
127	107.703516397122
128	106.915819508965
129	109.574672933876
130	111.589868417296
131	115.393021582763
132	115.393021582763
133	115.393021582763
134	115.393021582763
135	115.393021582763
136	115.393021582763
137	115.393021582763
138	115.393021582763
139	111.584375366586
140	110.03365268335
141	106.767905177751
142	104.697994093317
143	105.598001980945
144	107.924572948676
145	110.778273919022
146	111.30940602789
147	110.542047866075
148	106.896310513178
149	105.574264176655
150	104.791286394597
151	106.741474322301
152	109.946121363372
153	110.577875686739
154	111.64274292645
155	115.393021582763
156	115.393021582763
157	115.393021582763
158	115.393021582763
159	115.393021582763
160	115.393021582763
161	111.65504017564
162	109.355298005122
163	105.814015110273
164	104.096227966874
165	100.381319047741
166	100.736121057754
167	98.148580768402
168	97.4129368777345
169	93.6087730301964
170	91.7398665712217
171	89.5308545815235
172	88.3907413457164
173	85.4284868625308
174	87.0985505327504
175	89.0499066188868
176	92.7878545185717
177	94.3980402538835
178	97.7559373282724
179	99.3076385596578
180	101.353548515728
181	102.309438701916
182	104.563711817132
183	107.923735472297
184	109.674321555659
185	111.580004929246
186	115.393021582763
187	115.393021582763
188	115.393021582763
189	115.393021582763
190	115.393021582763
191	115.393021582763
192	115.393021582763
193	115.393021582763
194	115.393021582763
195	115.393021582763
196	115.393021582763
197	111.545086552126
198	109.814760473779
199	107.908315776921
200	108.106522080258
201	104.981355193563
202	103.134717213887
203	99.6328724400677
204	97.3932510842261
205	93.8774919123133
206	91.5962171544369
207	88.1850419995598
208	86.7192234562504
209	89.3893664358418
210	92.950059345126
211	95.3784799192624
212	98.298181952044
213	100.088563735456
214	103.203769185671
215	105.977268346829
216	108.752146565117
217	111.622069978725
218	115.393021582763
219	115.393021582763
220	115.393021582763
221	115.393021582763
222	115.393021582763
223	115.393021582763
224	115.393021582763
225	115.393021582763
226	115.393021582763
227	115.393021582763
228	115.393021582763
229	111.597773896511
230	108.403027877473
231	105.294621412439
232	101.926710617989
233	98.7404602782669
234	95.4460516624969
235	94.0960606258565
236	91.7821766592962
237	91.6157026842833
238	88.2272480616574
239	87.1844980127496
240	87.0598987580548
241	89.1765015047664
242	92.619261572611
243	95.700905063709
244	96.9206273416258
245	99.9228705169201
246	101.219184381779
247	104.848953013183
248	107.396403047407
249	110.311232330934
250	109.059233932391
251	107.053056534875
252	106.316656230927
253	106.024945793146
254	104.103741667729
255	104.978235843248
256	101.1575260171
257	98.0604770205817
258	95.9348528868143
259	92.4169887224105
260	89.6289015512152
261	86.2780885414524
262	82.9323063565084
263	81.2350427491142
264	79.5226758637711
265	83.1449265382491
266	85.0944040400433
267	88.1869033370448
268	88.2081599682541
269	90.5939735163553
270	88.7643294256179
271	89.1932280339581
272	85.5399480056587
273	84.7546566459717
274	83.4754340799457
275	80.2711883304967
276	77.6816871990528
277	74.8580803715068
278	73.8203361751543
279	74.0439808925608
280	73.9720593293339
281	75.7353893160731
282	79.4261341861589
283	81.044103914225
284	84.5730455282622
285	82.3661656016073
286	80.6846928128553
287	77.6879398828117
288	74.6347334562972
289	71.0515614128498
290	69.8989003141859
291	66.2507721328243
292	66.3048066427186
293	66.5840998880564
294	69.1953382642242
295	72.1774113012918
296	74.0670404449848
297	76.824765918292
298	79.6796419331135
299	79.7665000292911
300	82.2175579537495
301	80.2121267391124
302	79.981036408249
303	76.5407387540797
304	72.9703216215394
305	73.5784791842146
306	71.3599774794989
307	71.9521761950406
308	74.1324346383193
309	72.0998457925764
310	72.5301255420147
311	69.5545480806927
312	69.884080735936
313	66.2524686859955
314	63.6140115787083
315	60.383362121901
316	57.9800741144436
317	54.4492540096961
318	52.7750502965579
319	49.4162109520573
320	46.6988908072739
321	46.5454373041552
322	46.0763970183773
323	42.809868702773
324	41.95442107186
325	38.5930242259922
326	39.346499611012
327	42.858991300419
328	42.5740376568663
329	42.5740376568663
//
<Attribute:Glycosylation>
//
<Parameter>
0	1
1	1
2	0
3	1
4	2
5	1.82
6	54.6666666666667
7	2.49333333333333
8	34.8666666666667
9	0.098
10	113.606565282959
11	1
//
<Model>
Prior	0.481103448275862
0	2834	321	790	1422
1	2564	526	1060	1217
2	1643	935	1981	808
3	1830	1367	1794	376
4	3557	1687	67	56
5	740	59	2884	1684
6	2267	244	1357	1499
7	2411	169	1213	1574
8	2398	271	1226	1472
9	2056	241	1568	1502
10	2260	200	1364	1543
11	3449	1717	175	26
//
